phi_field: 0.001
phi_field_dot: 0.0001
temperature: 481.452730897735
t0: 0.000001
nR: 0
N_field: 0
Omega_m: 0.3
Omega_Lambda: 0.7
H0: 2.27
